%YAML:1.0
---
camera_matrix: !!opencv-matrix
   rows: 3
   cols: 3
   dt: d
   data: [ 8.3237524757048450e+03, 0., 2.5971156643313378e+02, 0.,
       8.3245485774728404e+03, 3.3075524964997362e+02, 0., 0., 1. ]
dist_coeff: !!opencv-matrix
   rows: 1
   cols: 5
   dt: d
   data: [ -1.3544620299678984e+01, 4.5881997601420608e+03,
       3.0564561249222838e-01, -1.2557531845707046e-02,
       6.7878106670299576e+03 ]
